0 14.999999999976525
1 -10.199999999982303
3 0.5999999999935932
19 -6.599999999960932
20 3.4800000000029807
7 -0.1999999999964118
21 -0.32880882696114516
1044 -0.10917510836433558
23 0.09938653307487606
54 -4.248829880996606
1062 -0.12994148785523701
55 -0.1811153760611475
1078 -0.16666961680350695
183 -0.19999999999867873
1191 -0.15530448932525232
3126 -0.19999999999696505
3221 -0.17532235473445246
1536 3.479999999990125
28 1.0507640169219814
1064 -0.19392541372362748
1537 -0.3199999999953348
15 -0.10743815333643214
29 -0.1418693998741871
58 -0.19060406007648376
184 1.2804861628449917
1066 -0.150629706179582
1539 1.3951161458881485
3840 -1.3999999999951909
12576 -0.18600771145378006
59 -0.1297336228581873
62 -0.1522399447324958
185 -0.1411565974038214
220 -0.1626677993737986
1084 -0.13981709570280726
63 -0.13935452370776613
187 -0.13996189451763463
221 -0.1449356929404018
1086 -0.13448154465699236
1134 -0.10560761764739371
3130 -0.10368730837793408
