0 14.999999999976525 10.199999999982303
1 4.0 10.199999999982303
3 4.0 6.599999999960932
19 1.3951161458881485 6.599999999960932
20 3.4800000000029807 4.248829880996606
7 0.09938653307487606 0.19999999999867873
21 0.09938653307487606 4.248829880996606
1044 0 0.19999999999696505
23 0.09938653307487606 0.19999999999867873
54 0 4.248829880996606
1062 0 0.19999999999696505
55 0 0.19999999999867873
1046 0 0.19999999999696505
1078 0 0.19999999999696505
183 0 0.19999999999867873
1063 0 0.17532235473445246
1188 0 0.17532235473445246
1189 0 0.17532235473445246
1191 0 0.15530448932525232
3126 0 0.19999999999696505
3220 0 0.17532235473445246
3221 0 0.17532235473445246
1536 4.0 1.3999999999951909
28 1.3951161458881485 0.19060406007648376
1064 0 0.19392541372362748
1537 1.3951161458881485 1.3999999999951909
15 0 0.13935452370776613
29 0 0.1522399447324958
58 0 0.19060406007648376
184 1.2804861628449917 0.1449356929404018
1066 0 0.150629706179582
1539 1.3951161458881485 0
3840 0 1.3999999999951909
12576 0 0.18600771145378006
59 0 0.1449356929404018
62 0 0.1522399447324958
185 0 0.1449356929404018
220 0 0.1626677993737986
1052 0 0.13981709570280726
1084 0 0.13981709570280726
31 0 0.13935452370776613
63 0 0.13935452370776613
187 0 0.13996189451763463
221 0 0.1449356929404018
1054 0 0.13448154465699236
1070 0 0.13448154465699236
1082 0 0.13448154465699236
1086 0 0.13448154465699236
1132 0 0.10560761764739371
1134 0 0.10560761764739371
3130 0 0.10368730837793408
